代码   	名称	涨幅%%	现价	日涨跌	买入价	卖出价	总量	现量	涨速%%	换手%%	今开	昨收	最高	最低	市盈(动)	总金额	
200002	万  科Ｂ	0.88	6.84	0.06	6.84	6.87	22756	116	         -0.43	          0.17	6.76	6.78	6.90	6.73	    14.69	15510112	
200011	深物业B	-0.53	3.75	-0.02	3.70	3.75	3139	1	          1.62	          0.46	3.77	3.77	3.80	3.58	   173.14	1162857	
200012	南  玻Ｂ	-3.12	10.57	-0.34	10.57	10.59	58499	223	          0.09	          1.30	11.08	10.91	11.11	10.22	     9.50	62203464	
200016	深康佳Ｂ	0.32	3.11	0.01	3.11	3.12	24789	180	--- 	          0.61	3.11	3.10	3.20	3.03	    23.12	7736791	
200017	*ST中华B	4.87	2.37	0.11	2.37	--- 	39561	436	--- 	          1.59	2.27	2.26	2.37	2.24	--- 	9279282	
200018	*ST中冠B	1.11	3.64	0.04	3.58	3.64	2103	1	--- 	          0.30	3.64	3.60	3.69	3.55	--- 	765072	
200019	深深宝Ｂ	-3.93	5.38	-0.22	5.31	5.39	2396	25	         -0.37	          0.92	5.60	5.60	5.61	5.19	--- 	1313418	
200020	深华发Ｂ	-0.55	3.62	-0.02	3.56	3.62	2127	16	          1.97	          0.21	3.54	3.64	3.71	3.45	    18.72	768003	
200022	深赤湾Ｂ	0.00	10.50	0.00	10.42	10.50	2822	20	          0.76	          0.16	10.50	10.50	10.70	10.06	    11.35	2936184	
200024	招商局Ｂ	-1.60	12.27	-0.20	12.27	12.30	11368	50	         -0.24	          0.80	12.84	12.47	12.87	12.13	    12.04	13966871	
200025	特  力Ｂ	0.22	4.54	0.01	4.50	4.54	851	85	--- 	          0.32	4.44	4.53	4.73	4.44	--- 	386601	
200026	飞亚达Ｂ	-2.92	6.65	-0.20	6.62	6.65	3949	59	--- 	          0.68	6.85	6.85	6.85	6.56	    18.02	2629495	
200028	一  致Ｂ	-6.13	18.39	-1.20	18.39	18.48	3466	2	          0.05	          0.63	19.25	19.59	19.68	18.25	    18.23	6504903	
200029	深深房Ｂ	0.00	2.73	0.00	2.73	2.74	2748	1	--- 	          0.23	2.75	2.73	2.76	2.71	   111.31	750453	
200030	*ST盛润B	3.75	3.60	0.13	3.60	3.61	13476	56	--- 	          3.40	3.51	3.47	3.63	3.32	--- 	4795651	
200037	深南电Ｂ	-3.82	3.27	-0.13	3.25	3.27	6150	15	          0.92	          0.23	3.30	3.40	3.40	3.18	--- 	2014675	
200039	中  集Ｂ	-3.19	9.10	-0.30	9.10	9.14	17314	70	         -0.43	          0.12	9.35	9.40	9.35	9.00	    15.04	15882836	
200045	深纺织Ｂ	-0.54	5.50	-0.03	5.48	5.50	2403	10	--- 	          0.49	5.51	5.53	5.55	5.50	    26.04	1328373	
200053	深基地Ｂ	-1.47	8.69	-0.13	8.69	8.70	1727	4	--- 	          0.16	8.82	8.82	8.94	8.63	    13.52	1512645	
200054	建  摩Ｂ	-0.28	3.55	-0.01	3.55	3.57	5493	50	          0.85	          0.46	3.47	3.56	3.66	3.45	   604.95	1942395	
200055	方大Ｂ	1.29	4.72	0.06	4.71	4.72	34591	261	--- 	          1.54	4.68	4.66	4.83	4.51	    41.53	16218381	
200056	深国商Ｂ	-1.26	4.69	-0.06	4.68	4.69	491	4	         -0.21	          0.05	4.75	4.75	4.75	4.59	--- 	228900	
200058	深赛格B	-1.11	2.68	-0.03	2.65	2.68	29201	100	          1.13	          1.18	2.76	2.71	2.78	2.65	    29.36	7886396	
200152	山  航Ｂ	-3.87	5.96	-0.24	5.96	6.03	15053	180	         -0.16	          1.08	6.10	6.20	6.26	5.95	     5.56	9176384	
200160	ST大路B	-5.00	1.90	-0.10	--- 	1.90	23743	1	--- 	          0.51	2.00	2.00	2.00	1.90	--- 	4571508	
200168	*ST雷伊B	0.45	2.21	0.01	2.20	2.21	3801	1	          0.45	          0.25	2.22	2.20	2.29	2.18	--- 	846320	
200413	宝  石Ｂ	2.17	3.76	0.08	3.75	3.76	8609	91	          0.26	          0.86	3.68	3.68	3.79	3.61	--- 	3217597	
200418	小天鹅Ｂ	-5.55	7.49	-0.44	7.45	7.49	26361	1	         -0.13	          1.38	7.90	7.93	7.94	7.17	    11.53	19688046	
200429	粤高速Ｂ	-1.09	3.62	-0.04	3.62	3.63	8857	100	         -0.27	          0.25	3.69	3.66	3.70	3.58	     7.69	3212582	
200468	宁通信Ｂ	-1.75	3.94	-0.07	3.93	3.94	4414	121	         -0.25	          0.44	3.96	4.01	4.09	3.90	   105.13	1761606	
200488	晨  鸣Ｂ	2.30	5.79	0.13	5.78	5.79	46373	456	         -0.34	          0.83	5.68	5.66	5.82	5.66	    11.03	26563512	
200505	*ST珠江B	-2.01	2.92	-0.06	2.90	2.92	6005	200	          0.34	          0.92	2.98	2.98	2.98	2.83	--- 	1732559	
200512	闽灿坤Ｂ	-1.85	1.59	-0.03	1.58	1.59	33956	405	          0.63	          0.31	1.62	1.62	1.63	1.55	    21.09	5408152	
200513	丽  珠Ｂ	-3.95	21.65	-0.89	21.69	21.79	7640	17	         -0.13	          0.68	22.40	22.54	22.53	20.68	    11.12	16592760	
200521	皖美菱Ｂ	-6.71	5.70	-0.41	5.68	5.70	12059	36	          0.17	          1.07	6.15	6.11	6.19	5.56	     4.69	7045170	
200530	大  冷Ｂ	0.73	5.54	0.04	5.54	5.55	4211	3	         -0.35	          0.37	5.48	5.50	5.60	5.43	    40.57	2325011	
200539	粤电力Ｂ	0.74	4.11	0.03	4.11	4.12	29924	174	--- 	          0.45	4.08	4.08	4.49	4.01	     8.87	12405394	
200541	粤照明Ｂ	-2.78	6.29	-0.18	6.28	6.29	12358	35	          1.12	          0.56	6.50	6.47	6.53	6.16	    48.97	7801616	
200550	江  铃Ｂ	0.87	15.11	0.13	15.00	15.11	8923	130	--- 	          0.26	14.81	14.98	15.16	14.80	     5.80	13391670	
200553	沙隆达Ｂ	-1.44	3.42	-0.05	3.42	3.43	7054	18	         -0.29	          0.31	3.55	3.47	3.55	3.34	    62.85	2433251	
200570	苏常柴Ｂ	-1.18	5.04	-0.06	5.04	5.06	9671	66	--- 	          0.64	5.11	5.10	5.26	5.00	    15.60	4901752	
200581	苏威孚Ｂ	-2.13	9.17	-0.20	9.17	9.25	10604	300	--- 	          0.92	9.35	9.37	9.35	9.00	    10.04	9694542	
200596	古井贡Ｂ	-5.28	24.40	-1.36	24.36	24.40	3796	19	          0.32	          0.63	25.76	25.76	25.99	23.58	    16.76	9368815	
200613	ST东海Ｂ	-4.71	2.63	-0.13	2.62	2.63	10610	10	--- 	          1.21	2.76	2.76	2.80	2.62	   202.30	2823949	
200625	长  安Ｂ	-5.26	5.76	-0.32	5.75	5.76	60153	522	         -0.51	          1.01	6.07	6.08	6.11	5.66	     3.73	35217772	
200706	瓦  轴Ｂ	0.18	5.53	0.01	5.53	5.55	2679	20	--- 	          0.17	5.59	5.52	5.74	5.40	    18.60	1467242	
200725	京东方Ｂ	0.00	1.91	0.00	1.90	1.91	36514	2	--- 	          0.33	1.90	1.91	1.93	1.86	--- 	6925801	
200726	鲁  泰Ｂ	0.16	6.23	0.01	6.23	6.24	10803	293	          0.80	          0.33	6.25	6.22	6.31	6.11	     9.20	6707368	
200761	本钢板Ｂ	-0.59	3.39	-0.02	3.38	3.39	17181	1	          0.29	          0.43	3.38	3.41	3.42	3.31	     6.28	5791120	
200771	杭汽轮Ｂ	-1.81	15.70	-0.29	15.61	15.70	9923	64	          0.57	          0.73	16.01	15.99	16.19	15.05	    13.46	15530326	
200869	张  裕Ｂ	-0.89	64.40	-0.58	64.40	64.76	2726	18	          0.13	          0.15	64.49	64.98	65.15	63.02	    19.76	17565620	
200986	粤华包Ｂ	0.54	3.70	0.02	3.67	3.70	8965	300	          1.09	          0.52	3.78	3.68	3.79	3.50	    14.45	3299966	
200992	中  鲁Ｂ	0.00	3.22	0.00	3.18	3.25	11174	342	          1.25	          0.81	3.19	3.22	3.28	3.11	    20.46	3591309	
900901	上电Ｂ股	0.63	0.480	0.003	0.478	0.480	8256	48	          0.41	          0.28	0.477	0.477	0.491	0.468	   115.03	397884	
900902	ST二纺B	-0.52	0.382	-0.002	0.376	0.381	5873	2	          1.05	          0.25	0.380	0.384	0.386	0.371	--- 	222568	
900903	大众Ｂ股	-0.15	0.683	-0.001	0.683	0.685	14843	82	--- 	          0.28	0.681	0.684	0.691	0.667	    20.67	1009444	
900904	永生Ｂ股	-1.02	0.679	-0.007	0.678	0.679	1089	47	         -0.87	          0.24	0.680	0.686	0.704	0.672	    48.73	74219	
900905	老凤祥Ｂ	-5.20	1.877	-0.103	1.870	1.875	22897	89	         -0.68	          1.73	1.988	1.980	1.992	1.804	    16.40	4262849	
900906	ST中纺Ｂ	-4.08	0.447	-0.019	0.446	0.447	7400	21	          0.22	          0.62	0.464	0.466	0.479	0.443	    47.58	332753	
900907	鼎立Ｂ股	0.00	0.404	0.000	0.404	0.405	5004	1	--- 	          0.41	0.404	0.404	0.409	0.389	    22.51	201115	
900908	氯碱Ｂ股	-0.27	0.368	-0.001	0.368	0.369	5564	1	--- 	          0.14	0.367	0.369	0.373	0.358	    58.36	203909	
900909	双钱Ｂ股	0.78	0.648	0.005	0.650	0.651	10041	110	          0.30	          0.41	0.637	0.643	0.659	0.635	     5.01	646957	
900910	海立Ｂ股	-2.08	0.517	-0.011	0.516	0.517	17949	3	--- 	          0.69	0.526	0.528	0.535	0.503	    12.06	925012	
900911	金桥Ｂ股	-2.14	0.823	-0.018	0.823	0.827	10882	212	--- 	          0.44	0.840	0.841	0.849	0.810	    14.80	893922	
900912	外高Ｂ股	0.00	0.788	0.000	0.782	0.790	2944	1	          0.12	          0.15	0.783	0.788	0.810	0.771	    38.57	232076	
900913	*ST联华B	0.56	0.542	0.003	0.543	0.550	2632	5	--- 	          0.41	0.518	0.539	0.552	0.518	   121.75	141620	
900914	锦投Ｂ股	-0.10	0.995	-0.001	0.995	0.996	4460	20	          1.53	          0.28	0.991	0.996	1.008	0.970	    16.78	442080	
900915	中路Ｂ股	-1.10	0.631	-0.007	0.630	0.632	2036	5	          0.31	          0.27	0.640	0.638	0.651	0.609	    31.92	129095	
900916	金山Ｂ股	0.92	0.440	0.004	0.437	0.441	6240	20	          0.68	          0.36	0.441	0.436	0.442	0.431	--- 	272678	
900917	海欣Ｂ股	-1.08	0.365	-0.004	0.363	0.365	9071	3	--- 	          0.19	0.368	0.369	0.374	0.360	--- 	332701	
900918	耀皮Ｂ股	0.22	0.456	0.001	0.451	0.456	4147	285	          0.66	          0.22	0.449	0.455	0.461	0.445	    17.51	187146	
900919	大江Ｂ股	-2.75	0.318	-0.009	0.318	0.323	10679	18	         -1.54	          0.31	0.328	0.327	0.330	0.314	--- 	344513	
900920	上柴Ｂ股	0.14	0.691	0.001	0.690	0.692	4431	11	         -0.14	          0.20	0.688	0.690	0.700	0.665	    21.01	304110	
900921	丹科Ｂ股	-2.75	1.095	-0.031	1.093	1.096	12241	40	          0.09	          0.63	1.122	1.126	1.159	1.072	--- 	1356866	
900922	三毛Ｂ股	-1.52	0.582	-0.009	0.582	0.583	974	11	--- 	          0.20	0.599	0.591	0.600	0.578	--- 	56769	
900923	友谊Ｂ股	-2.52	1.275	-0.033	1.275	1.279	7096	2	         -0.07	          0.39	1.300	1.308	1.308	1.236	    12.94	903842	
900924	上工Ｂ股	-0.88	0.453	-0.004	0.448	0.453	4643	5	--- 	          0.19	0.461	0.457	0.471	0.443	   317.58	210067	
900925	机电Ｂ股	0.00	0.866	0.000	0.867	0.870	8036	2	         -0.45	          0.37	0.860	0.866	0.875	0.848	     8.92	691864	
900926	宝信Ｂ股	-2.62	1.638	-0.044	1.638	1.639	3210	5	          0.18	          0.36	1.662	1.682	1.699	1.617	    12.26	528575	
900927	物贸Ｂ股	-7.28	1.096	-0.086	1.093	1.098	13792	3	          0.55	          2.07	1.185	1.182	1.196	1.071	    28.12	1535457	
900928	自仪Ｂ股	0.83	0.608	0.005	0.600	0.608	4115	6	         -0.16	          0.38	0.588	0.603	0.620	0.588	--- 	248031	
900929	锦旅Ｂ股	1.08	1.498	0.016	1.471	1.499	4503	33	          0.33	          0.68	1.455	1.482	1.500	1.412	    28.20	660127	
900930	沪普天Ｂ	-2.56	0.570	-0.015	0.569	0.570	3981	10	--- 	          0.32	0.581	0.585	0.599	0.565	--- 	229706	
900932	陆家Ｂ股	-3.66	1.446	-0.055	1.441	1.450	13243	20	          0.13	          0.26	1.510	1.501	1.528	1.427	     4.86	1931335	
900933	华新Ｂ股	-2.27	1.976	-0.046	1.964	1.980	2093	1	          1.07	          0.27	2.000	2.022	2.059	1.935	    27.72	415536	
900934	锦江Ｂ股	2.77	1.371	0.037	1.372	1.374	11905	10	          0.36	          0.76	1.344	1.334	1.390	1.325	    25.20	1623911	
900935	阳晨Ｂ股	1.17	0.691	0.008	0.688	0.691	4989	70	         -0.14	          0.47	0.695	0.683	0.711	0.681	   155.99	346450	
900936	鄂绒Ｂ股	-1.62	0.850	-0.014	0.847	0.850	21106	20	--- 	          0.50	0.867	0.864	0.870	0.828	    11.39	1794224	
900937	华电Ｂ股	0.00	0.317	0.000	0.316	0.317	4793	42	          0.31	          0.11	0.316	0.317	0.323	0.313	--- 	152001	
900938	ST天海Ｂ	0.85	0.354	0.003	0.354	0.355	6058	162	          0.28	          0.34	0.350	0.351	0.357	0.343	--- 	212301	
900939	*ST汇丽B	-0.30	0.335	-0.001	0.334	0.338	1213	1	--- 	          0.14	0.345	0.336	0.346	0.330	--- 	40814	
900941	东信Ｂ股	-0.51	0.390	-0.002	0.390	0.391	6544	32	--- 	          0.22	0.390	0.392	0.398	0.381	    32.20	255450	
900942	黄山Ｂ股	-1.38	1.291	-0.018	1.288	1.291	4878	3	          0.23	          0.31	1.309	1.309	1.313	1.287	--- 	631120	
900943	开开Ｂ股	-2.44	0.600	-0.015	0.600	0.603	2170	53	--- 	          0.27	0.604	0.615	0.615	0.581	    14.49	129807	
900945	海航Ｂ股	-9.42	0.683	-0.071	0.681	0.683	7898	20	--- 	          0.43	0.745	0.754	0.755	0.679	    19.06	557039	
900946	ST轻骑Ｂ	-2.87	0.372	-0.011	0.376	0.377	10119	11	          0.26	          0.44	0.390	0.383	0.398	0.366	--- 	386729	
900947	振华Ｂ股	0.17	0.576	0.001	0.575	0.578	27274	125	         -0.51	          0.32	0.570	0.575	0.586	0.553	   305.50	1556595	
900948	伊泰Ｂ股	3.29	4.653	0.148	4.648	4.654	64874	3	          0.19	          0.98	4.528	4.505	4.720	4.470	     9.50	29835000	
900949	东电Ｂ股	0.54	0.556	0.003	0.556	0.557	11286	28	          0.36	          0.16	0.553	0.553	0.562	0.546	    49.86	626086	
900950	新城Ｂ股	1.63	0.562	0.009	0.562	0.563	21338	58	          0.17	          0.50	0.553	0.553	0.570	0.544	    24.42	1191403	
900951	大化Ｂ股	1.18	0.428	0.005	0.423	0.428	1928	30	          1.18	          0.19	0.423	0.423	0.435	0.413	--- 	81950	
900952	锦港Ｂ股	-0.70	0.428	-0.003	0.427	0.430	3395	2	         -0.46	          0.15	0.431	0.431	0.439	0.424	    15.55	145991	
900953	凯马Ｂ	1.09	0.554	0.006	0.550	0.554	7331	33	          0.72	          0.31	0.547	0.548	0.560	0.540	    13.60	401698	
900955	九龙山Ｂ	-0.47	0.633	-0.003	0.633	0.635	5729	54	--- 	          0.26	0.634	0.636	0.645	0.612	    46.40	361426	
900956	东贝Ｂ股	-3.10	0.719	-0.023	0.712	0.719	8808	29	          1.12	          0.77	0.748	0.742	0.757	0.690	    99.91	631537	
900957	凌云Ｂ股	0.67	0.448	0.003	0.446	0.448	6163	1	          0.44	          0.33	0.445	0.445	0.454	0.435	   142.75	275332	
